{
 "cells": [
  {
   "cell_type": "code",
   "execution_count": 1,
   "id": "07ff12c8",
   "metadata": {},
   "outputs": [
    {
     "name": "stdout",
     "output_type": "stream",
     "text": [
      "Requirement already satisfied: pandas-profiling in c:\\users\\utente\\anaconda3\\lib\\site-packages (3.1.0)\n",
      "Requirement already satisfied: requests>=2.24.0 in c:\\users\\utente\\anaconda3\\lib\\site-packages (from pandas-profiling) (2.27.1)\n",
      "Requirement already satisfied: seaborn>=0.10.1 in c:\\users\\utente\\anaconda3\\lib\\site-packages (from pandas-profiling) (0.11.1)\n",
      "Requirement already satisfied: pandas!=1.0.0,!=1.0.1,!=1.0.2,!=1.1.0,>=0.25.3 in c:\\users\\utente\\anaconda3\\lib\\site-packages (from pandas-profiling) (1.0.5)\n",
      "Requirement already satisfied: numpy>=1.16.0 in c:\\users\\utente\\anaconda3\\lib\\site-packages (from pandas-profiling) (1.19.1)\n",
      "Collecting joblib~=1.0.1\n",
      "  Downloading joblib-1.0.1-py3-none-any.whl (303 kB)\n",
      "Requirement already satisfied: markupsafe~=2.0.1 in c:\\users\\utente\\anaconda3\\lib\\site-packages (from pandas-profiling) (2.0.1)\n",
      "Requirement already satisfied: matplotlib>=3.2.0 in c:\\users\\utente\\anaconda3\\lib\\site-packages (from pandas-profiling) (3.3.4)\n",
      "Requirement already satisfied: scipy>=1.4.1 in c:\\users\\utente\\anaconda3\\lib\\site-packages (from pandas-profiling) (1.5.4)\n",
      "Requirement already satisfied: PyYAML>=5.0.0 in c:\\users\\utente\\anaconda3\\lib\\site-packages (from pandas-profiling) (5.3.1)\n",
      "Requirement already satisfied: missingno>=0.4.2 in c:\\users\\utente\\anaconda3\\lib\\site-packages (from pandas-profiling) (0.4.2)\n",
      "Requirement already satisfied: tangled-up-in-unicode==0.1.0 in c:\\users\\utente\\anaconda3\\lib\\site-packages (from pandas-profiling) (0.1.0)\n",
      "Requirement already satisfied: tqdm>=4.48.2 in c:\\users\\utente\\anaconda3\\lib\\site-packages (from pandas-profiling) (4.56.0)\n",
      "Requirement already satisfied: multimethod>=1.4 in c:\\users\\utente\\anaconda3\\lib\\site-packages (from pandas-profiling) (1.6)\n",
      "Requirement already satisfied: visions[type_image_path]==0.7.4 in c:\\users\\utente\\anaconda3\\lib\\site-packages (from pandas-profiling) (0.7.4)\n",
      "Requirement already satisfied: jinja2>=2.11.1 in c:\\users\\utente\\anaconda3\\lib\\site-packages (from pandas-profiling) (2.11.3)\n",
      "Requirement already satisfied: phik>=0.11.1 in c:\\users\\utente\\anaconda3\\lib\\site-packages (from pandas-profiling) (0.12.0)\n",
      "Requirement already satisfied: pydantic>=1.8.1 in c:\\users\\utente\\anaconda3\\lib\\site-packages (from pandas-profiling) (1.8.2)\n",
      "Requirement already satisfied: htmlmin>=0.1.12 in c:\\users\\utente\\anaconda3\\lib\\site-packages (from pandas-profiling) (0.1.12)\n",
      "Requirement already satisfied: attrs>=19.3.0 in c:\\users\\utente\\anaconda3\\lib\\site-packages (from visions[type_image_path]==0.7.4->pandas-profiling) (20.3.0)\n",
      "Requirement already satisfied: networkx>=2.4 in c:\\users\\utente\\anaconda3\\lib\\site-packages (from visions[type_image_path]==0.7.4->pandas-profiling) (2.5)\n",
      "Requirement already satisfied: Pillow in c:\\users\\utente\\anaconda3\\lib\\site-packages (from visions[type_image_path]==0.7.4->pandas-profiling) (8.2.0)\n",
      "Requirement already satisfied: imagehash in c:\\users\\utente\\anaconda3\\lib\\site-packages (from visions[type_image_path]==0.7.4->pandas-profiling) (4.2.1)\n",
      "Requirement already satisfied: python-dateutil>=2.1 in c:\\users\\utente\\anaconda3\\lib\\site-packages (from matplotlib>=3.2.0->pandas-profiling) (2.8.1)\n",
      "Requirement already satisfied: pyparsing!=2.0.4,!=2.1.2,!=2.1.6,>=2.0.3 in c:\\users\\utente\\anaconda3\\lib\\site-packages (from matplotlib>=3.2.0->pandas-profiling) (2.4.7)\n",
      "Requirement already satisfied: cycler>=0.10 in c:\\users\\utente\\anaconda3\\lib\\site-packages (from matplotlib>=3.2.0->pandas-profiling) (0.10.0)\n",
      "Requirement already satisfied: kiwisolver>=1.0.1 in c:\\users\\utente\\anaconda3\\lib\\site-packages (from matplotlib>=3.2.0->pandas-profiling) (1.3.1)\n",
      "Requirement already satisfied: six in c:\\users\\utente\\anaconda3\\lib\\site-packages (from cycler>=0.10->matplotlib>=3.2.0->pandas-profiling) (1.15.0)\n",
      "Requirement already satisfied: decorator>=4.3.0 in c:\\users\\utente\\anaconda3\\lib\\site-packages (from networkx>=2.4->visions[type_image_path]==0.7.4->pandas-profiling) (5.0.6)\n",
      "Requirement already satisfied: pytz>=2017.2 in c:\\users\\utente\\anaconda3\\lib\\site-packages (from pandas!=1.0.0,!=1.0.1,!=1.0.2,!=1.1.0,>=0.25.3->pandas-profiling) (2021.1)\n",
      "Requirement already satisfied: typing-extensions>=3.7.4.3 in c:\\users\\utente\\anaconda3\\lib\\site-packages (from pydantic>=1.8.1->pandas-profiling) (3.7.4.3)\n",
      "Requirement already satisfied: certifi>=2017.4.17 in c:\\users\\utente\\anaconda3\\lib\\site-packages (from requests>=2.24.0->pandas-profiling) (2020.12.5)\n",
      "Requirement already satisfied: urllib3<1.27,>=1.21.1 in c:\\users\\utente\\anaconda3\\lib\\site-packages (from requests>=2.24.0->pandas-profiling) (1.26.4)\n",
      "Requirement already satisfied: charset-normalizer~=2.0.0 in c:\\users\\utente\\anaconda3\\lib\\site-packages (from requests>=2.24.0->pandas-profiling) (2.0.12)\n",
      "Requirement already satisfied: idna<4,>=2.5 in c:\\users\\utente\\anaconda3\\lib\\site-packages (from requests>=2.24.0->pandas-profiling) (2.10)\n",
      "Requirement already satisfied: PyWavelets in c:\\users\\utente\\anaconda3\\lib\\site-packages (from imagehash->visions[type_image_path]==0.7.4->pandas-profiling) (1.1.1)\n",
      "Installing collected packages: joblib\n",
      "  Attempting uninstall: joblib\n",
      "    Found existing installation: joblib 1.0.0\n",
      "    Uninstalling joblib-1.0.0:\n",
      "      Successfully uninstalled joblib-1.0.0\n",
      "Successfully installed joblib-1.0.1\n"
     ]
    },
    {
     "name": "stderr",
     "output_type": "stream",
     "text": [
      "ERROR: pip's dependency resolver does not currently take into account all the packages that are installed. This behaviour is the source of the following dependency conflicts.\n",
      "lazypredict 0.2.9 requires joblib==1.0.0, but you have joblib 1.0.1 which is incompatible.\n",
      "dtale 1.61.1 requires packaging<=21.0; python_version >= \"3.0\", but you have packaging 21.3 which is incompatible.\n",
      "dtale 1.61.1 requires scikit-learn==0.24.2; python_version > \"3.0\", but you have scikit-learn 0.23.1 which is incompatible.\n"
     ]
    }
   ],
   "source": [
    "import pandas as pd\n",
    "import matplotlib.pyplot as plt\n",
    "import seaborn as sns\n",
    "from pandas_profiling import ProfileReport\n",
    "! pip install pandas-profiling\n",
    "\n",
    "# muestra el total de las columnas de un dataset\n",
    "pd.set_option('display.max_columns', None)"
   ]
  },
  {
   "cell_type": "code",
   "execution_count": 3,
   "id": "d789c84b",
   "metadata": {},
   "outputs": [
    {
     "data": {
      "text/html": [
       "<div>\n",
       "<style scoped>\n",
       "    .dataframe tbody tr th:only-of-type {\n",
       "        vertical-align: middle;\n",
       "    }\n",
       "\n",
       "    .dataframe tbody tr th {\n",
       "        vertical-align: top;\n",
       "    }\n",
       "\n",
       "    .dataframe thead th {\n",
       "        text-align: right;\n",
       "    }\n",
       "</style>\n",
       "<table border=\"1\" class=\"dataframe\">\n",
       "  <thead>\n",
       "    <tr style=\"text-align: right;\">\n",
       "      <th></th>\n",
       "      <th>Type</th>\n",
       "      <th>Name</th>\n",
       "      <th>Age</th>\n",
       "      <th>Breed1</th>\n",
       "      <th>Breed2</th>\n",
       "      <th>Gender</th>\n",
       "      <th>Color1</th>\n",
       "      <th>Color2</th>\n",
       "      <th>Color3</th>\n",
       "      <th>MaturitySize</th>\n",
       "      <th>FurLength</th>\n",
       "      <th>Vaccinated</th>\n",
       "      <th>Dewormed</th>\n",
       "      <th>Sterilized</th>\n",
       "      <th>Health</th>\n",
       "      <th>Quantity</th>\n",
       "      <th>Fee</th>\n",
       "      <th>State</th>\n",
       "      <th>RescuerID</th>\n",
       "      <th>VideoAmt</th>\n",
       "      <th>Description</th>\n",
       "      <th>PetID</th>\n",
       "      <th>PhotoAmt</th>\n",
       "      <th>AdoptionSpeed</th>\n",
       "    </tr>\n",
       "  </thead>\n",
       "  <tbody>\n",
       "    <tr>\n",
       "      <th>0</th>\n",
       "      <td>2</td>\n",
       "      <td>Nibble</td>\n",
       "      <td>3</td>\n",
       "      <td>299</td>\n",
       "      <td>0</td>\n",
       "      <td>1</td>\n",
       "      <td>1</td>\n",
       "      <td>7</td>\n",
       "      <td>0</td>\n",
       "      <td>1</td>\n",
       "      <td>1</td>\n",
       "      <td>2</td>\n",
       "      <td>2</td>\n",
       "      <td>2</td>\n",
       "      <td>1</td>\n",
       "      <td>1</td>\n",
       "      <td>100</td>\n",
       "      <td>41326</td>\n",
       "      <td>8480853f516546f6cf33aa88cd76c379</td>\n",
       "      <td>0</td>\n",
       "      <td>Nibble is a 3+ month old ball of cuteness. He ...</td>\n",
       "      <td>86e1089a3</td>\n",
       "      <td>1.0</td>\n",
       "      <td>2</td>\n",
       "    </tr>\n",
       "  </tbody>\n",
       "</table>\n",
       "</div>"
      ],
      "text/plain": [
       "   Type    Name  Age  Breed1  Breed2  Gender  Color1  Color2  Color3  \\\n",
       "0     2  Nibble    3     299       0       1       1       7       0   \n",
       "\n",
       "   MaturitySize  FurLength  Vaccinated  Dewormed  Sterilized  Health  \\\n",
       "0             1          1           2         2           2       1   \n",
       "\n",
       "   Quantity  Fee  State                         RescuerID  VideoAmt  \\\n",
       "0         1  100  41326  8480853f516546f6cf33aa88cd76c379         0   \n",
       "\n",
       "                                         Description      PetID  PhotoAmt  \\\n",
       "0  Nibble is a 3+ month old ball of cuteness. He ...  86e1089a3       1.0   \n",
       "\n",
       "   AdoptionSpeed  \n",
       "0              2  "
      ]
     },
     "execution_count": 3,
     "metadata": {},
     "output_type": "execute_result"
    }
   ],
   "source": [
    "df = pd.read_csv(\"./train.csv\",sep=\",\")\n",
    "df.head(1)\n",
    "#C:\\Users\\Utente\\Desktop\\Bootcamp\\01 Pandas\\carpeta\\Mascotas"
   ]
  },
  {
   "cell_type": "code",
   "execution_count": 4,
   "id": "ef3fdb6c",
   "metadata": {},
   "outputs": [
    {
     "name": "stdout",
     "output_type": "stream",
     "text": [
      "<class 'pandas.core.frame.DataFrame'>\n",
      "RangeIndex: 14993 entries, 0 to 14992\n",
      "Data columns (total 24 columns):\n",
      " #   Column         Non-Null Count  Dtype  \n",
      "---  ------         --------------  -----  \n",
      " 0   Type           14993 non-null  int64  \n",
      " 1   Name           13736 non-null  object \n",
      " 2   Age            14993 non-null  int64  \n",
      " 3   Breed1         14993 non-null  int64  \n",
      " 4   Breed2         14993 non-null  int64  \n",
      " 5   Gender         14993 non-null  int64  \n",
      " 6   Color1         14993 non-null  int64  \n",
      " 7   Color2         14993 non-null  int64  \n",
      " 8   Color3         14993 non-null  int64  \n",
      " 9   MaturitySize   14993 non-null  int64  \n",
      " 10  FurLength      14993 non-null  int64  \n",
      " 11  Vaccinated     14993 non-null  int64  \n",
      " 12  Dewormed       14993 non-null  int64  \n",
      " 13  Sterilized     14993 non-null  int64  \n",
      " 14  Health         14993 non-null  int64  \n",
      " 15  Quantity       14993 non-null  int64  \n",
      " 16  Fee            14993 non-null  int64  \n",
      " 17  State          14993 non-null  int64  \n",
      " 18  RescuerID      14993 non-null  object \n",
      " 19  VideoAmt       14993 non-null  int64  \n",
      " 20  Description    14981 non-null  object \n",
      " 21  PetID          14993 non-null  object \n",
      " 22  PhotoAmt       14993 non-null  float64\n",
      " 23  AdoptionSpeed  14993 non-null  int64  \n",
      "dtypes: float64(1), int64(19), object(4)\n",
      "memory usage: 2.7+ MB\n"
     ]
    }
   ],
   "source": [
    "df.info()"
   ]
  },
  {
   "cell_type": "code",
   "execution_count": 5,
   "id": "229322ae",
   "metadata": {},
   "outputs": [],
   "source": [
    "#Hacemos un pandas profiling"
   ]
  },
  {
   "cell_type": "code",
   "execution_count": 6,
   "id": "c433ca7a",
   "metadata": {},
   "outputs": [],
   "source": [
    "#from pandas_profiling import ProfileReport\n",
    "\n",
    "#prof = ProfileReport(df)"
   ]
  },
  {
   "cell_type": "code",
   "execution_count": 7,
   "id": "4d18fbac",
   "metadata": {},
   "outputs": [],
   "source": [
    "#automatico = ProfileReport(df) #,minimal=True)\n",
    "#nombre_salida = 'EDA_Mascotas'\n",
    "#automatico.to_file(output_file=nombre_salida)"
   ]
  },
  {
   "cell_type": "code",
   "execution_count": 8,
   "id": "c3354380",
   "metadata": {},
   "outputs": [],
   "source": [
    "#Vaccinated, Dewormed, Sterilized, quale delle tre è quella più relazionato con l'obiettivo. quella più relazionata si mantiene, le altre due si fa un'altra colonna con la media delle due"
   ]
  },
  {
   "cell_type": "code",
   "execution_count": 9,
   "id": "0c14b909",
   "metadata": {},
   "outputs": [
    {
     "data": {
      "text/html": [
       "<div>\n",
       "<style scoped>\n",
       "    .dataframe tbody tr th:only-of-type {\n",
       "        vertical-align: middle;\n",
       "    }\n",
       "\n",
       "    .dataframe tbody tr th {\n",
       "        vertical-align: top;\n",
       "    }\n",
       "\n",
       "    .dataframe thead th {\n",
       "        text-align: right;\n",
       "    }\n",
       "</style>\n",
       "<table border=\"1\" class=\"dataframe\">\n",
       "  <thead>\n",
       "    <tr style=\"text-align: right;\">\n",
       "      <th></th>\n",
       "      <th>Type</th>\n",
       "      <th>Age</th>\n",
       "      <th>Breed1</th>\n",
       "      <th>Breed2</th>\n",
       "      <th>Gender</th>\n",
       "      <th>Color1</th>\n",
       "      <th>Color2</th>\n",
       "      <th>Color3</th>\n",
       "      <th>MaturitySize</th>\n",
       "      <th>FurLength</th>\n",
       "      <th>Vaccinated</th>\n",
       "      <th>Dewormed</th>\n",
       "      <th>Sterilized</th>\n",
       "      <th>Health</th>\n",
       "      <th>Quantity</th>\n",
       "      <th>Fee</th>\n",
       "      <th>State</th>\n",
       "      <th>VideoAmt</th>\n",
       "      <th>PhotoAmt</th>\n",
       "      <th>AdoptionSpeed</th>\n",
       "    </tr>\n",
       "  </thead>\n",
       "  <tbody>\n",
       "    <tr>\n",
       "      <th>Type</th>\n",
       "      <td>1.000000</td>\n",
       "      <td>-0.147162</td>\n",
       "      <td>0.057724</td>\n",
       "      <td>-0.043568</td>\n",
       "      <td>0.060843</td>\n",
       "      <td>0.097680</td>\n",
       "      <td>0.246333</td>\n",
       "      <td>0.201693</td>\n",
       "      <td>-0.171811</td>\n",
       "      <td>0.003036</td>\n",
       "      <td>0.102907</td>\n",
       "      <td>0.025508</td>\n",
       "      <td>0.006737</td>\n",
       "      <td>-0.006864</td>\n",
       "      <td>0.036423</td>\n",
       "      <td>-0.042134</td>\n",
       "      <td>0.124549</td>\n",
       "      <td>-0.005967</td>\n",
       "      <td>0.049368</td>\n",
       "      <td>-0.091240</td>\n",
       "    </tr>\n",
       "    <tr>\n",
       "      <th>Age</th>\n",
       "      <td>-0.147162</td>\n",
       "      <td>1.000000</td>\n",
       "      <td>-0.314346</td>\n",
       "      <td>-0.041010</td>\n",
       "      <td>-0.123423</td>\n",
       "      <td>0.090378</td>\n",
       "      <td>-0.039427</td>\n",
       "      <td>-0.053546</td>\n",
       "      <td>0.093673</td>\n",
       "      <td>0.153092</td>\n",
       "      <td>-0.136061</td>\n",
       "      <td>-0.053360</td>\n",
       "      <td>-0.189450</td>\n",
       "      <td>0.103215</td>\n",
       "      <td>-0.113076</td>\n",
       "      <td>0.089168</td>\n",
       "      <td>0.024523</td>\n",
       "      <td>-0.015969</td>\n",
       "      <td>-0.084778</td>\n",
       "      <td>0.100510</td>\n",
       "    </tr>\n",
       "    <tr>\n",
       "      <th>Breed1</th>\n",
       "      <td>0.057724</td>\n",
       "      <td>-0.314346</td>\n",
       "      <td>1.000000</td>\n",
       "      <td>-0.157053</td>\n",
       "      <td>0.071321</td>\n",
       "      <td>-0.035510</td>\n",
       "      <td>-0.007081</td>\n",
       "      <td>-0.000682</td>\n",
       "      <td>-0.010507</td>\n",
       "      <td>-0.108059</td>\n",
       "      <td>0.046518</td>\n",
       "      <td>0.013216</td>\n",
       "      <td>0.052698</td>\n",
       "      <td>-0.034893</td>\n",
       "      <td>0.090194</td>\n",
       "      <td>-0.189526</td>\n",
       "      <td>-0.026832</td>\n",
       "      <td>0.020626</td>\n",
       "      <td>0.043395</td>\n",
       "      <td>0.107834</td>\n",
       "    </tr>\n",
       "    <tr>\n",
       "      <th>Breed2</th>\n",
       "      <td>-0.043568</td>\n",
       "      <td>-0.041010</td>\n",
       "      <td>-0.157053</td>\n",
       "      <td>1.000000</td>\n",
       "      <td>0.056907</td>\n",
       "      <td>-0.020324</td>\n",
       "      <td>0.003015</td>\n",
       "      <td>0.035679</td>\n",
       "      <td>0.049879</td>\n",
       "      <td>0.106220</td>\n",
       "      <td>0.005638</td>\n",
       "      <td>-0.009817</td>\n",
       "      <td>-0.005989</td>\n",
       "      <td>-0.029285</td>\n",
       "      <td>0.038125</td>\n",
       "      <td>0.013508</td>\n",
       "      <td>-0.037993</td>\n",
       "      <td>0.001569</td>\n",
       "      <td>0.045953</td>\n",
       "      <td>-0.018642</td>\n",
       "    </tr>\n",
       "    <tr>\n",
       "      <th>Gender</th>\n",
       "      <td>0.060843</td>\n",
       "      <td>-0.123423</td>\n",
       "      <td>0.071321</td>\n",
       "      <td>0.056907</td>\n",
       "      <td>1.000000</td>\n",
       "      <td>-0.115351</td>\n",
       "      <td>0.026507</td>\n",
       "      <td>0.259309</td>\n",
       "      <td>-0.091819</td>\n",
       "      <td>-0.030404</td>\n",
       "      <td>0.078702</td>\n",
       "      <td>0.091431</td>\n",
       "      <td>0.040645</td>\n",
       "      <td>-0.045177</td>\n",
       "      <td>0.494489</td>\n",
       "      <td>-0.050491</td>\n",
       "      <td>0.002564</td>\n",
       "      <td>0.016816</td>\n",
       "      <td>0.098435</td>\n",
       "      <td>0.057622</td>\n",
       "    </tr>\n",
       "    <tr>\n",
       "      <th>Color1</th>\n",
       "      <td>0.097680</td>\n",
       "      <td>0.090378</td>\n",
       "      <td>-0.035510</td>\n",
       "      <td>-0.020324</td>\n",
       "      <td>-0.115351</td>\n",
       "      <td>1.000000</td>\n",
       "      <td>-0.113290</td>\n",
       "      <td>-0.282897</td>\n",
       "      <td>-0.029468</td>\n",
       "      <td>0.066967</td>\n",
       "      <td>-0.017475</td>\n",
       "      <td>-0.019318</td>\n",
       "      <td>-0.037050</td>\n",
       "      <td>0.024410</td>\n",
       "      <td>-0.116688</td>\n",
       "      <td>0.054180</td>\n",
       "      <td>0.024012</td>\n",
       "      <td>-0.006435</td>\n",
       "      <td>-0.041323</td>\n",
       "      <td>-0.044192</td>\n",
       "    </tr>\n",
       "    <tr>\n",
       "      <th>Color2</th>\n",
       "      <td>0.246333</td>\n",
       "      <td>-0.039427</td>\n",
       "      <td>-0.007081</td>\n",
       "      <td>0.003015</td>\n",
       "      <td>0.026507</td>\n",
       "      <td>-0.113290</td>\n",
       "      <td>1.000000</td>\n",
       "      <td>0.088742</td>\n",
       "      <td>-0.065155</td>\n",
       "      <td>-0.008764</td>\n",
       "      <td>0.026193</td>\n",
       "      <td>0.005812</td>\n",
       "      <td>0.007370</td>\n",
       "      <td>-0.004307</td>\n",
       "      <td>0.019876</td>\n",
       "      <td>-0.017308</td>\n",
       "      <td>0.026944</td>\n",
       "      <td>0.023983</td>\n",
       "      <td>0.059113</td>\n",
       "      <td>-0.038579</td>\n",
       "    </tr>\n",
       "    <tr>\n",
       "      <th>Color3</th>\n",
       "      <td>0.201693</td>\n",
       "      <td>-0.053546</td>\n",
       "      <td>-0.000682</td>\n",
       "      <td>0.035679</td>\n",
       "      <td>0.259309</td>\n",
       "      <td>-0.282897</td>\n",
       "      <td>0.088742</td>\n",
       "      <td>1.000000</td>\n",
       "      <td>-0.051730</td>\n",
       "      <td>0.013581</td>\n",
       "      <td>0.054053</td>\n",
       "      <td>0.048617</td>\n",
       "      <td>0.038899</td>\n",
       "      <td>-0.024782</td>\n",
       "      <td>0.272548</td>\n",
       "      <td>-0.019839</td>\n",
       "      <td>0.010554</td>\n",
       "      <td>0.019526</td>\n",
       "      <td>0.103662</td>\n",
       "      <td>-0.007014</td>\n",
       "    </tr>\n",
       "    <tr>\n",
       "      <th>MaturitySize</th>\n",
       "      <td>-0.171811</td>\n",
       "      <td>0.093673</td>\n",
       "      <td>-0.010507</td>\n",
       "      <td>0.049879</td>\n",
       "      <td>-0.091819</td>\n",
       "      <td>-0.029468</td>\n",
       "      <td>-0.065155</td>\n",
       "      <td>-0.051730</td>\n",
       "      <td>1.000000</td>\n",
       "      <td>0.095142</td>\n",
       "      <td>-0.087722</td>\n",
       "      <td>-0.067352</td>\n",
       "      <td>-0.066321</td>\n",
       "      <td>-0.012957</td>\n",
       "      <td>-0.042832</td>\n",
       "      <td>0.041144</td>\n",
       "      <td>-0.062584</td>\n",
       "      <td>0.017032</td>\n",
       "      <td>0.015593</td>\n",
       "      <td>0.045653</td>\n",
       "    </tr>\n",
       "    <tr>\n",
       "      <th>FurLength</th>\n",
       "      <td>0.003036</td>\n",
       "      <td>0.153092</td>\n",
       "      <td>-0.108059</td>\n",
       "      <td>0.106220</td>\n",
       "      <td>-0.030404</td>\n",
       "      <td>0.066967</td>\n",
       "      <td>-0.008764</td>\n",
       "      <td>0.013581</td>\n",
       "      <td>0.095142</td>\n",
       "      <td>1.000000</td>\n",
       "      <td>-0.006010</td>\n",
       "      <td>0.016463</td>\n",
       "      <td>0.032092</td>\n",
       "      <td>0.028096</td>\n",
       "      <td>-0.038388</td>\n",
       "      <td>0.159693</td>\n",
       "      <td>-0.029317</td>\n",
       "      <td>-0.014740</td>\n",
       "      <td>-0.031557</td>\n",
       "      <td>-0.091337</td>\n",
       "    </tr>\n",
       "    <tr>\n",
       "      <th>Vaccinated</th>\n",
       "      <td>0.102907</td>\n",
       "      <td>-0.136061</td>\n",
       "      <td>0.046518</td>\n",
       "      <td>0.005638</td>\n",
       "      <td>0.078702</td>\n",
       "      <td>-0.017475</td>\n",
       "      <td>0.026193</td>\n",
       "      <td>0.054053</td>\n",
       "      <td>-0.087722</td>\n",
       "      <td>-0.006010</td>\n",
       "      <td>1.000000</td>\n",
       "      <td>0.722596</td>\n",
       "      <td>0.471204</td>\n",
       "      <td>0.078893</td>\n",
       "      <td>0.125287</td>\n",
       "      <td>-0.121868</td>\n",
       "      <td>0.032737</td>\n",
       "      <td>-0.032685</td>\n",
       "      <td>-0.052719</td>\n",
       "      <td>-0.059043</td>\n",
       "    </tr>\n",
       "    <tr>\n",
       "      <th>Dewormed</th>\n",
       "      <td>0.025508</td>\n",
       "      <td>-0.053360</td>\n",
       "      <td>0.013216</td>\n",
       "      <td>-0.009817</td>\n",
       "      <td>0.091431</td>\n",
       "      <td>-0.019318</td>\n",
       "      <td>0.005812</td>\n",
       "      <td>0.048617</td>\n",
       "      <td>-0.067352</td>\n",
       "      <td>0.016463</td>\n",
       "      <td>0.722596</td>\n",
       "      <td>1.000000</td>\n",
       "      <td>0.426256</td>\n",
       "      <td>0.072188</td>\n",
       "      <td>0.141355</td>\n",
       "      <td>-0.105978</td>\n",
       "      <td>-0.001310</td>\n",
       "      <td>-0.036961</td>\n",
       "      <td>-0.099026</td>\n",
       "      <td>-0.013210</td>\n",
       "    </tr>\n",
       "    <tr>\n",
       "      <th>Sterilized</th>\n",
       "      <td>0.006737</td>\n",
       "      <td>-0.189450</td>\n",
       "      <td>0.052698</td>\n",
       "      <td>-0.005989</td>\n",
       "      <td>0.040645</td>\n",
       "      <td>-0.037050</td>\n",
       "      <td>0.007370</td>\n",
       "      <td>0.038899</td>\n",
       "      <td>-0.066321</td>\n",
       "      <td>0.032092</td>\n",
       "      <td>0.471204</td>\n",
       "      <td>0.426256</td>\n",
       "      <td>1.000000</td>\n",
       "      <td>0.057916</td>\n",
       "      <td>0.101919</td>\n",
       "      <td>-0.063790</td>\n",
       "      <td>0.009951</td>\n",
       "      <td>-0.018720</td>\n",
       "      <td>-0.062067</td>\n",
       "      <td>-0.083447</td>\n",
       "    </tr>\n",
       "    <tr>\n",
       "      <th>Health</th>\n",
       "      <td>-0.006864</td>\n",
       "      <td>0.103215</td>\n",
       "      <td>-0.034893</td>\n",
       "      <td>-0.029285</td>\n",
       "      <td>-0.045177</td>\n",
       "      <td>0.024410</td>\n",
       "      <td>-0.004307</td>\n",
       "      <td>-0.024782</td>\n",
       "      <td>-0.012957</td>\n",
       "      <td>0.028096</td>\n",
       "      <td>0.078893</td>\n",
       "      <td>0.072188</td>\n",
       "      <td>0.057916</td>\n",
       "      <td>1.000000</td>\n",
       "      <td>-0.034567</td>\n",
       "      <td>-0.010073</td>\n",
       "      <td>0.026237</td>\n",
       "      <td>-0.004984</td>\n",
       "      <td>-0.023978</td>\n",
       "      <td>0.029382</td>\n",
       "    </tr>\n",
       "    <tr>\n",
       "      <th>Quantity</th>\n",
       "      <td>0.036423</td>\n",
       "      <td>-0.113076</td>\n",
       "      <td>0.090194</td>\n",
       "      <td>0.038125</td>\n",
       "      <td>0.494489</td>\n",
       "      <td>-0.116688</td>\n",
       "      <td>0.019876</td>\n",
       "      <td>0.272548</td>\n",
       "      <td>-0.042832</td>\n",
       "      <td>-0.038388</td>\n",
       "      <td>0.125287</td>\n",
       "      <td>0.141355</td>\n",
       "      <td>0.101919</td>\n",
       "      <td>-0.034567</td>\n",
       "      <td>1.000000</td>\n",
       "      <td>-0.060523</td>\n",
       "      <td>-0.002182</td>\n",
       "      <td>0.008344</td>\n",
       "      <td>0.137839</td>\n",
       "      <td>0.062931</td>\n",
       "    </tr>\n",
       "    <tr>\n",
       "      <th>Fee</th>\n",
       "      <td>-0.042134</td>\n",
       "      <td>0.089168</td>\n",
       "      <td>-0.189526</td>\n",
       "      <td>0.013508</td>\n",
       "      <td>-0.050491</td>\n",
       "      <td>0.054180</td>\n",
       "      <td>-0.017308</td>\n",
       "      <td>-0.019839</td>\n",
       "      <td>0.041144</td>\n",
       "      <td>0.159693</td>\n",
       "      <td>-0.121868</td>\n",
       "      <td>-0.105978</td>\n",
       "      <td>-0.063790</td>\n",
       "      <td>-0.010073</td>\n",
       "      <td>-0.060523</td>\n",
       "      <td>1.000000</td>\n",
       "      <td>-0.015758</td>\n",
       "      <td>-0.000839</td>\n",
       "      <td>0.005103</td>\n",
       "      <td>-0.004017</td>\n",
       "    </tr>\n",
       "    <tr>\n",
       "      <th>State</th>\n",
       "      <td>0.124549</td>\n",
       "      <td>0.024523</td>\n",
       "      <td>-0.026832</td>\n",
       "      <td>-0.037993</td>\n",
       "      <td>0.002564</td>\n",
       "      <td>0.024012</td>\n",
       "      <td>0.026944</td>\n",
       "      <td>0.010554</td>\n",
       "      <td>-0.062584</td>\n",
       "      <td>-0.029317</td>\n",
       "      <td>0.032737</td>\n",
       "      <td>-0.001310</td>\n",
       "      <td>0.009951</td>\n",
       "      <td>0.026237</td>\n",
       "      <td>-0.002182</td>\n",
       "      <td>-0.015758</td>\n",
       "      <td>1.000000</td>\n",
       "      <td>-0.027456</td>\n",
       "      <td>0.001873</td>\n",
       "      <td>0.013119</td>\n",
       "    </tr>\n",
       "    <tr>\n",
       "      <th>VideoAmt</th>\n",
       "      <td>-0.005967</td>\n",
       "      <td>-0.015969</td>\n",
       "      <td>0.020626</td>\n",
       "      <td>0.001569</td>\n",
       "      <td>0.016816</td>\n",
       "      <td>-0.006435</td>\n",
       "      <td>0.023983</td>\n",
       "      <td>0.019526</td>\n",
       "      <td>0.017032</td>\n",
       "      <td>-0.014740</td>\n",
       "      <td>-0.032685</td>\n",
       "      <td>-0.036961</td>\n",
       "      <td>-0.018720</td>\n",
       "      <td>-0.004984</td>\n",
       "      <td>0.008344</td>\n",
       "      <td>-0.000839</td>\n",
       "      <td>-0.027456</td>\n",
       "      <td>1.000000</td>\n",
       "      <td>0.227231</td>\n",
       "      <td>-0.000571</td>\n",
       "    </tr>\n",
       "    <tr>\n",
       "      <th>PhotoAmt</th>\n",
       "      <td>0.049368</td>\n",
       "      <td>-0.084778</td>\n",
       "      <td>0.043395</td>\n",
       "      <td>0.045953</td>\n",
       "      <td>0.098435</td>\n",
       "      <td>-0.041323</td>\n",
       "      <td>0.059113</td>\n",
       "      <td>0.103662</td>\n",
       "      <td>0.015593</td>\n",
       "      <td>-0.031557</td>\n",
       "      <td>-0.052719</td>\n",
       "      <td>-0.099026</td>\n",
       "      <td>-0.062067</td>\n",
       "      <td>-0.023978</td>\n",
       "      <td>0.137839</td>\n",
       "      <td>0.005103</td>\n",
       "      <td>0.001873</td>\n",
       "      <td>0.227231</td>\n",
       "      <td>1.000000</td>\n",
       "      <td>-0.023233</td>\n",
       "    </tr>\n",
       "    <tr>\n",
       "      <th>AdoptionSpeed</th>\n",
       "      <td>-0.091240</td>\n",
       "      <td>0.100510</td>\n",
       "      <td>0.107834</td>\n",
       "      <td>-0.018642</td>\n",
       "      <td>0.057622</td>\n",
       "      <td>-0.044192</td>\n",
       "      <td>-0.038579</td>\n",
       "      <td>-0.007014</td>\n",
       "      <td>0.045653</td>\n",
       "      <td>-0.091337</td>\n",
       "      <td>-0.059043</td>\n",
       "      <td>-0.013210</td>\n",
       "      <td>-0.083447</td>\n",
       "      <td>0.029382</td>\n",
       "      <td>0.062931</td>\n",
       "      <td>-0.004017</td>\n",
       "      <td>0.013119</td>\n",
       "      <td>-0.000571</td>\n",
       "      <td>-0.023233</td>\n",
       "      <td>1.000000</td>\n",
       "    </tr>\n",
       "  </tbody>\n",
       "</table>\n",
       "</div>"
      ],
      "text/plain": [
       "                   Type       Age    Breed1    Breed2    Gender    Color1  \\\n",
       "Type           1.000000 -0.147162  0.057724 -0.043568  0.060843  0.097680   \n",
       "Age           -0.147162  1.000000 -0.314346 -0.041010 -0.123423  0.090378   \n",
       "Breed1         0.057724 -0.314346  1.000000 -0.157053  0.071321 -0.035510   \n",
       "Breed2        -0.043568 -0.041010 -0.157053  1.000000  0.056907 -0.020324   \n",
       "Gender         0.060843 -0.123423  0.071321  0.056907  1.000000 -0.115351   \n",
       "Color1         0.097680  0.090378 -0.035510 -0.020324 -0.115351  1.000000   \n",
       "Color2         0.246333 -0.039427 -0.007081  0.003015  0.026507 -0.113290   \n",
       "Color3         0.201693 -0.053546 -0.000682  0.035679  0.259309 -0.282897   \n",
       "MaturitySize  -0.171811  0.093673 -0.010507  0.049879 -0.091819 -0.029468   \n",
       "FurLength      0.003036  0.153092 -0.108059  0.106220 -0.030404  0.066967   \n",
       "Vaccinated     0.102907 -0.136061  0.046518  0.005638  0.078702 -0.017475   \n",
       "Dewormed       0.025508 -0.053360  0.013216 -0.009817  0.091431 -0.019318   \n",
       "Sterilized     0.006737 -0.189450  0.052698 -0.005989  0.040645 -0.037050   \n",
       "Health        -0.006864  0.103215 -0.034893 -0.029285 -0.045177  0.024410   \n",
       "Quantity       0.036423 -0.113076  0.090194  0.038125  0.494489 -0.116688   \n",
       "Fee           -0.042134  0.089168 -0.189526  0.013508 -0.050491  0.054180   \n",
       "State          0.124549  0.024523 -0.026832 -0.037993  0.002564  0.024012   \n",
       "VideoAmt      -0.005967 -0.015969  0.020626  0.001569  0.016816 -0.006435   \n",
       "PhotoAmt       0.049368 -0.084778  0.043395  0.045953  0.098435 -0.041323   \n",
       "AdoptionSpeed -0.091240  0.100510  0.107834 -0.018642  0.057622 -0.044192   \n",
       "\n",
       "                 Color2    Color3  MaturitySize  FurLength  Vaccinated  \\\n",
       "Type           0.246333  0.201693     -0.171811   0.003036    0.102907   \n",
       "Age           -0.039427 -0.053546      0.093673   0.153092   -0.136061   \n",
       "Breed1        -0.007081 -0.000682     -0.010507  -0.108059    0.046518   \n",
       "Breed2         0.003015  0.035679      0.049879   0.106220    0.005638   \n",
       "Gender         0.026507  0.259309     -0.091819  -0.030404    0.078702   \n",
       "Color1        -0.113290 -0.282897     -0.029468   0.066967   -0.017475   \n",
       "Color2         1.000000  0.088742     -0.065155  -0.008764    0.026193   \n",
       "Color3         0.088742  1.000000     -0.051730   0.013581    0.054053   \n",
       "MaturitySize  -0.065155 -0.051730      1.000000   0.095142   -0.087722   \n",
       "FurLength     -0.008764  0.013581      0.095142   1.000000   -0.006010   \n",
       "Vaccinated     0.026193  0.054053     -0.087722  -0.006010    1.000000   \n",
       "Dewormed       0.005812  0.048617     -0.067352   0.016463    0.722596   \n",
       "Sterilized     0.007370  0.038899     -0.066321   0.032092    0.471204   \n",
       "Health        -0.004307 -0.024782     -0.012957   0.028096    0.078893   \n",
       "Quantity       0.019876  0.272548     -0.042832  -0.038388    0.125287   \n",
       "Fee           -0.017308 -0.019839      0.041144   0.159693   -0.121868   \n",
       "State          0.026944  0.010554     -0.062584  -0.029317    0.032737   \n",
       "VideoAmt       0.023983  0.019526      0.017032  -0.014740   -0.032685   \n",
       "PhotoAmt       0.059113  0.103662      0.015593  -0.031557   -0.052719   \n",
       "AdoptionSpeed -0.038579 -0.007014      0.045653  -0.091337   -0.059043   \n",
       "\n",
       "               Dewormed  Sterilized    Health  Quantity       Fee     State  \\\n",
       "Type           0.025508    0.006737 -0.006864  0.036423 -0.042134  0.124549   \n",
       "Age           -0.053360   -0.189450  0.103215 -0.113076  0.089168  0.024523   \n",
       "Breed1         0.013216    0.052698 -0.034893  0.090194 -0.189526 -0.026832   \n",
       "Breed2        -0.009817   -0.005989 -0.029285  0.038125  0.013508 -0.037993   \n",
       "Gender         0.091431    0.040645 -0.045177  0.494489 -0.050491  0.002564   \n",
       "Color1        -0.019318   -0.037050  0.024410 -0.116688  0.054180  0.024012   \n",
       "Color2         0.005812    0.007370 -0.004307  0.019876 -0.017308  0.026944   \n",
       "Color3         0.048617    0.038899 -0.024782  0.272548 -0.019839  0.010554   \n",
       "MaturitySize  -0.067352   -0.066321 -0.012957 -0.042832  0.041144 -0.062584   \n",
       "FurLength      0.016463    0.032092  0.028096 -0.038388  0.159693 -0.029317   \n",
       "Vaccinated     0.722596    0.471204  0.078893  0.125287 -0.121868  0.032737   \n",
       "Dewormed       1.000000    0.426256  0.072188  0.141355 -0.105978 -0.001310   \n",
       "Sterilized     0.426256    1.000000  0.057916  0.101919 -0.063790  0.009951   \n",
       "Health         0.072188    0.057916  1.000000 -0.034567 -0.010073  0.026237   \n",
       "Quantity       0.141355    0.101919 -0.034567  1.000000 -0.060523 -0.002182   \n",
       "Fee           -0.105978   -0.063790 -0.010073 -0.060523  1.000000 -0.015758   \n",
       "State         -0.001310    0.009951  0.026237 -0.002182 -0.015758  1.000000   \n",
       "VideoAmt      -0.036961   -0.018720 -0.004984  0.008344 -0.000839 -0.027456   \n",
       "PhotoAmt      -0.099026   -0.062067 -0.023978  0.137839  0.005103  0.001873   \n",
       "AdoptionSpeed -0.013210   -0.083447  0.029382  0.062931 -0.004017  0.013119   \n",
       "\n",
       "               VideoAmt  PhotoAmt  AdoptionSpeed  \n",
       "Type          -0.005967  0.049368      -0.091240  \n",
       "Age           -0.015969 -0.084778       0.100510  \n",
       "Breed1         0.020626  0.043395       0.107834  \n",
       "Breed2         0.001569  0.045953      -0.018642  \n",
       "Gender         0.016816  0.098435       0.057622  \n",
       "Color1        -0.006435 -0.041323      -0.044192  \n",
       "Color2         0.023983  0.059113      -0.038579  \n",
       "Color3         0.019526  0.103662      -0.007014  \n",
       "MaturitySize   0.017032  0.015593       0.045653  \n",
       "FurLength     -0.014740 -0.031557      -0.091337  \n",
       "Vaccinated    -0.032685 -0.052719      -0.059043  \n",
       "Dewormed      -0.036961 -0.099026      -0.013210  \n",
       "Sterilized    -0.018720 -0.062067      -0.083447  \n",
       "Health        -0.004984 -0.023978       0.029382  \n",
       "Quantity       0.008344  0.137839       0.062931  \n",
       "Fee           -0.000839  0.005103      -0.004017  \n",
       "State         -0.027456  0.001873       0.013119  \n",
       "VideoAmt       1.000000  0.227231      -0.000571  \n",
       "PhotoAmt       0.227231  1.000000      -0.023233  \n",
       "AdoptionSpeed -0.000571 -0.023233       1.000000  "
      ]
     },
     "execution_count": 9,
     "metadata": {},
     "output_type": "execute_result"
    }
   ],
   "source": [
    "correlacion = df.corr()\n",
    "correlacion"
   ]
  },
  {
   "cell_type": "code",
   "execution_count": 10,
   "id": "65a60153",
   "metadata": {},
   "outputs": [],
   "source": [
    "#dejamos la columna Sterilized, por ser la columna que tiene  una mayor correlación con AdoptionSpeed\n",
    "\n",
    "#Significado de los valores en las tres columnas: 1 = Sí, 2 = No, 3 = No estoy seguro\n",
    "\n",
    "#Hacemos una copia por tratamiento de la nueva columna:"
   ]
  },
  {
   "cell_type": "code",
   "execution_count": 11,
   "id": "e07e1b51",
   "metadata": {},
   "outputs": [
    {
     "data": {
      "text/html": [
       "<div>\n",
       "<style scoped>\n",
       "    .dataframe tbody tr th:only-of-type {\n",
       "        vertical-align: middle;\n",
       "    }\n",
       "\n",
       "    .dataframe tbody tr th {\n",
       "        vertical-align: top;\n",
       "    }\n",
       "\n",
       "    .dataframe thead th {\n",
       "        text-align: right;\n",
       "    }\n",
       "</style>\n",
       "<table border=\"1\" class=\"dataframe\">\n",
       "  <thead>\n",
       "    <tr style=\"text-align: right;\">\n",
       "      <th></th>\n",
       "      <th>Type</th>\n",
       "      <th>Name</th>\n",
       "      <th>Age</th>\n",
       "      <th>Breed1</th>\n",
       "      <th>Breed2</th>\n",
       "      <th>Gender</th>\n",
       "      <th>Color1</th>\n",
       "      <th>Color2</th>\n",
       "      <th>Color3</th>\n",
       "      <th>MaturitySize</th>\n",
